1000	960	0.0000
1000	970	0.0000
400	100	0.0979
600	100	0.0436
600	300	0.0109
800	100	0.0361
800	300	0.0174
800	500	0.0000
1000	100	0.0134
1000	300	0.0079
1000	500	0.0026
1000	700	0.0004
1200	100	0.0031
1200	300	0.0028
1200	500	0.0019
1200	700	0.0011
1200	900	0.0003
1200	1100	0.0000
1400	100	0.0013
1400	300	0.0011
1400	500	0.0008
1400	700	0.0007
1400	900	0.0003
1400	1100	0.0001
1600	100	0.0004
1600	300	0.0004
1600	500	0.0004
1600	700	0.0003
1600	900	0.0002
1600	1100	0.0001
1800	100	0.0000
1800	300	0.0002
1800	500	0.0002
1800	700	0.0001
1800	900	0.0001
1800	1100	0.0001
1100	300	0.0043
1100	500	0.0036
1100	700	0.0011
1300	100	0.0021
1300	300	0.0018
1300	500	0.0014
1300	700	0.0008
1500	100	0.0007
1500	300	0.0008
1500	500	0.0006
1500	700	0.0004
400	200	0.0475
600	400	0.0094
800	600	0.0026
1000	800	0.0005
400	240	0.0409
600	440	0.0045
800	640	0.0007
1000	840	0.0005
400	280	0.0000
600	480	0.0106
800	680	0.0007
1000	880	0.0006
800	700	0.0017
800	720	0.0002
800	740	0.0000
800	760	0.0000
800	770	0.0000
400	320	0.0125
400	340	0.0098
400	360	0.0000
400	370	0.0000
600	500	0.0042
600	520	0.0037
600	540	0.0017
600	560	0.0000
600	570	0.0000
1000	900	0.0001
1000	920	0.0001
1000	940	0.0000
